2000
1 2
2
3
4
5
6 7 8 9 10
7
8 9 10
9
10 11 12
11
12 13 14 15
13 14 15
14
15 16 17
16 17
17
18
19 20 21 22
20 21 22
21 22
22 23 24 25
23 24 25 26
24 25
25 26 27
26 27 28 29 30
27 28 29 30
28
29 30
30 31
31
32
33
34 35
35 36 37 38 39
36 37 38 39
37
38 39 40 41 42
39
40 41
41
42
43 44 45
44 45
45 46 47 48 49
46 47 48
47 48
48 49
49 50 51 52
50 51 52
51 52
52 53 54 55
53 54 55
54 55 56 57
55 56
56 57 58 59 60
57
58 59 60
59
60 61 62 63 64
61
62
63 64 65
64 65 66
65 66 67 68
66 67 68
67 68
68 69 70 71 72
69 70
70
71 72
72 73 74 75
73 74 75
74
75 76 77 78 79
76 77
77 78 79 80 81
78 79 80 81 82
79 80 81
80 81 82 83 84
81
82 83 84 85
83 84 85 86 87
84 85 86 87 88
85 86
86 87
87 88 89 90
88 89 90
89 90 91 92 93
90 91
91 92 93 94
92 93 94 95
93 94 95 96
94
95 96
96
97 98 99 100
98 99
99
100 101 102 103 104
101
102 103 104
103 104
104 105 106 107 108
105
106 107 108
107 108 109 110 111
108 109
109 110 111
110 111 112
111 112 113 114
112 113 114 115 116
113 114 115
114
115 116 117
116 117 118
117 118 119 120
118 119 120 121 122
119 120 121 122 123
120 121 122 123 124
121 122
122
123 124
124 125 126
125 126 127 128
126
127 128
128 129 130
129 130
130 131 132
131
132 133 134 135 136
133 134
134 135 136 137 138
135 136 137 138
136 137 138
137 138
138 139 140
139 140 141
140 141
141
142 143 144
143 144 145
144 145
145 146 147 148
146 147 148 149
147 148 149 150 151
148 149 150 151
149 150 151 152 153
150 151 152
151 152 153 154
152
153 154
154
155 156
156
157 158 159
158 159
159 160 161
160 161 162 163
161 162 163 164
162 163
163 164 165
164
165 166 167 168
166 167
167 168
168 169
169 170 171 172 173
170 171 172 173
171 172 173
172 173
173 174 175 176 177
174 175 176
175
176 177 178 179 180
177 178 179 180
178 179 180 181 182
179 180 181 182 183
180 181 182 183
181 182
182 183 184 185
183 184 185 186 187
184 185 186 187 188
185 186
186 187 188 189 190
187 188 189 190 191
188
189 190 191 192
190
191 192 193 194 195
192 193 194
193 194 195 196 197
194 195 196 197 198
195 196 197
196
197 198 199 200 201
198
199
200 201
201 202
202 203
203 204 205 206 207
204 205 206 207 208
205 206 207 208 209
206 207 208 209 210
207 208 209 210
208 209 210
209 210 211 212 213
210 211 212 213
211 212 213 214
212 213
213 214 215 216
214 215 216 217
215 216 217 218 219
216 217 218 219 220
217
218 219 220 221
219 220 221 222 223
220 221
221 222
222 223 224
223 224 225
224 225 226
225 226
226 227 228 229
227 228 229 230 231
228 229
229 230
230 231 232 233
231 232 233
232 233 234 235 236
233 234
234 235
235
236 237
237 238 239 240
238 239 240 241
239 240 241
240
241 242
242 243 244
243
244
245 246 247 248 249
246 247 248 249
247 248 249 250 251
248 249
249 250 251 252 253
250 251 252 253
251 252 253 254
252 253 254 255
253 254 255 256
254 255 256 257
255 256
256 257
257 258
258
259 260 261 262 263
260 261 262
261 262 263 264 265
262 263
263 264 265 266 267
264
265 266 267 268
266 267
267 268 269 270
268 269 270 271 272
269 270 271 272
270 271
271 272 273
272 273 274 275
273 274 275 276 277
274 275 276 277 278
275 276 277 278
276 277 278
277 278 279
278
279 280 281 282
280 281 282
281 282 283
282
283
284 285
285
286
287 288
288 289 290 291 292
289 290 291 292 293
290 291 292 293 294
291 292 293 294
292 293 294
293 294
294 295 296 297
295 296 297 298 299
296 297 298
297 298
298 299
299
300 301 302 303
301 302 303 304
302
303 304 305
304
305 306
306 307 308 309 310
307 308
308 309
309
310 311 312 313
311 312 313 314
312 313 314 315
313 314 315 316 317
314 315
315 316 317 318 319
316 317 318 319 320
317 318
318 319
319 320 321 322 323
320 321 322
321 322 323 324
322 323 324 325 326
323 324 325 326
324
325 326 327 328 329
326
327 328 329
328
329
330 331 332 333
331
332
333 334 335 336
334
335
336 337
337 338 339 340
338 339
339 340 341
340
341
342 343
343 344 345
344 345 346
345 346
346 347
347 348 349
348 349 350
349 350
350 351 352 353 354
351 352 353 354 355
352 353 354 355
353 354 355
354 355 356
355 356 357
356 357 358
357 358 359 360 361
358 359
359 360 361 362
360 361 362 363
361 362 363
362
363 364 365
364 365 366 367 368
365
366 367 368 369 370
367 368 369 370 371
368 369 370 371 372
369 370 371
370 371 372 373 374
371
372
373 374 375 376 377
374 375 376 377
375 376 377 378
376 377
377 378
378 379 380
379 380 381 382
380 381
381 382 383
382 383
383 384
384 385
385 386 387 388 389
386 387 388 389 390
387
388 389 390 391 392
389
390 391 392 393
391 392 393 394 395
392 393 394 395 396
393 394
394 395
395
396 397
397 398 399 400
398 399
399 400 401
400 401
401 402 403 404 405
402 403 404
403 404 405 406 407
404
405 406
406
407 408 409
408 409 410 411 412
409 410 411
410 411 412 413
411 412
412 413 414 415 416
413 414 415 416
414
415
416 417 418
417
418 419 420
419 420 421 422
420
421 422
422 423
423 424 425 426 427
424 425 426 427 428
425
426 427 428 429 430
427
428 429 430 431
429 430
430 431 432
431 432 433 434
432 433
433 434 435 436 437
434 435 436 437
435 436 437 438
436 437 438 439
437 438 439
438 439 440 441 442
439 440 441 442
440 441 442
441 442
442 443 444 445
443
444
445
446 447 448 449
447 448
448 449 450 451
449 450 451 452 453
450 451 452 453
451 452 453 454
452 453 454
453 454
454
455 456 457 458 459
456 457
457 458 459 460 461
458 459 460
459
460 461
461
462 463 464
463 464 465 466 467
464 465 466 467 468
465
466 467 468
467 468
468
469
470 471 472
471 472 473 474
472 473
473 474
474 475 476
475 476 477
476 477 478
477
478 479 480
479
480 481 482 483 484
481 482 483
482
483 484 485 486
484 485 486 487 488
485 486 487 488 489
486
487 488 489 490 491
488 489 490
489 490 491 492
490
491 492 493
492
493 494 495 496
494 495 496 497 498
495 496 497 498 499
496 497 498 499
497
498 499 500
499
500
501 502 503
502
503 504
504 505 506 507 508
505 506 507 508
506 507 508 509
507
508 509 510 511 512
509 510 511
510 511 512
511 512 513
512
513 514 515 516
514 515 516
515 516 517 518
516
517 518 519
518 519 520 521
519 520 521
520 521
521 522 523 524
522 523 524 525
523 524
524 525
525 526 527 528 529
526 527 528 529
527 528
528 529 530
529 530 531 532
530 531 532 533
531 532 533 534
532
533
534 535 536
535 536 537 538
536 537 538
537
538 539 540
539
540 541 542
541
542 543 544 545 546
543
544 545 546 547
545 546
546 547 548 549
547
548 549 550
549 550 551 552 553
550 551
551 552 553
552 553 554 555 556
553 554 555 556 557
554 555 556
555 556 557 558 559
556 557 558 559
557 558 559 560 561
558 559 560 561 562
559 560
560 561 562
561
562
563 564 565
564 565
565 566 567
566
567 568 569 570
568 569
569 570 571 572 573
570 571 572 573 574
571 572 573 574
572
573 574 575 576 577
574 575
575
576 577
577 578 579
578 579 580 581
579 580 581
580 581 582
581 582
582 583 584 585 586
583 584 585 586 587
584 585 586
585 586 587 588 589
586 587 588
587 588 589 590 591
588 589 590 591
589 590 591
590 591 592
591 592 593 594
592 593
593 594 595
594 595 596 597 598
595 596 597 598
596 597 598
597 598
598 599 600
599
600 601 602 603 604
601 602 603
602 603 604
603 604 605
604 605 606 607 608
605 606
606 607
607 608 609 610
608 609 610 611 612
609 610 611 612
610
611 612 613 614 615
612 613 614 615 616
613 614 615 616
614 615 616 617
615 616 617
616 617 618
617 618
618 619
619 620 621
620
621 622 623
622 623 624
623 624 625
624
625
626 627 628
627 628 629 630
628 629 630
629 630 631 632
630 631 632 633
631 632
632
633 634 635
634 635 636
635 636 637 638
636 637 638 639
637 638 639 640
638 639 640 641
639
640 641 642 643
641 642 643
642 643
643 644 645
644 645
645 646 647 648
646 647 648 649 650
647 648 649 650
648 649
649 650 651 652
650 651 652
651 652 653 654
652 653 654 655 656
653
654 655 656 657
655 656
656 657 658 659 660
657
658
659
660 661 662
661 662 663
662 663 664 665
663 664 665 666 667
664 665 666 667 668
665 666 667 668
666 667 668 669
667 668 669 670 671
668 669 670 671 672
669
670 671 672 673 674
671 672
672 673 674
673 674 675 676 677
674 675 676
675 676 677 678 679
676 677 678 679
677 678
678 679 680 681
679 680 681 682
680 681 682 683 684
681 682 683
682
683 684 685 686 687
684 685 686
685 686 687 688 689
686 687
687 688 689 690
688
689 690
690 691 692
691 692 693 694 695
692 693 694 695 696
693 694 695 696 697
694 695 696 697
695 696 697 698
696 697 698
697 698 699
698
699
700 701 702 703
701 702
702 703 704 705 706
703 704 705
704 705
705 706
706 707 708 709 710
707 708 709 710 711
708
709 710
710
711
712 713
713 714 715
714 715 716 717
715 716 717 718 719
716 717 718 719 720
717
718 719
719 720 721 722
720
721 722 723 724 725
722 723 724 725
723
724 725 726
725 726 727 728 729
726 727 728 729 730
727 728
728 729 730 731 732
729 730 731 732 733
730 731
731
732 733
733 734 735
734 735 736
735
736 737 738 739 740
737
738
739 740 741 742
740
741 742 743 744
742 743 744 745 746
743 744 745 746
744
745 746 747
746 747
747
748 749 750 751
749 750 751
750 751
751 752 753
752 753 754
753 754 755
754 755 756 757
755
756 757 758 759 760
757 758
758
759 760 761 762 763
760 761
761 762 763
762 763
763 764 765
764 765 766 767
765
766 767 768 769
767
768 769 770
769 770 771 772 773
770
771
772 773 774
773 774 775 776
774 775 776 777 778
775 776 777 778 779
776 777 778 779
777 778 779 780
778
779
780
781 782 783
782 783
783 784 785 786 787
784 785 786
785 786
786
787 788 789 790
788 789 790 791
789 790
790 791
791 792
792 793
793 794 795 796
794 795
795
796
797 798 799
798
799 800 801
800
801
802 803 804 805 806
803
804 805
805
806 807 808 809 810
807 808
808 809
809 810 811 812
810 811 812
811
812
813 814 815
814 815
815 816 817
816
817 818 819 820 821
818 819 820 821
819 820 821 822 823
820 821 822 823
821 822 823
822 823 824
823 824 825
824 825 826 827
825 826 827
826
827 828 829 830
828 829 830 831 832
829 830
830
831 832
832 833 834
833 834 835
834 835 836 837 838
835 836
836 837 838 839
837 838 839
838
839 840
840 841 842
841
842 843 844
843 844 845 846 847
844
845 846 847 848 849
846
847 848 849 850 851
848 849 850 851 852
849 850 851 852 853
850
851
852 853 854 855 856
853 854 855 856 857
854 855 856 857
855
856 857 858
857 858 859 860
858 859 860 861 862
859 860 861
860 861
861 862 863
862 863 864
863
864 865 866 867
865 866 867
866 867
867 868 869
868 869 870 871 872
869 870 871 872
870 871 872 873 874
871 872 873 874 875
872
873 874 875 876
874 875
875
876 877 878
877 878 879
878 879 880
879 880 881 882 883
880 881 882
881 882
882 883 884 885
883 884 885
884 885
885
886 887 888 889 890
887
888 889 890 891 892
889
890 891 892 893
891 892 893 894
892 893 894 895
893 894 895 896 897
894 895 896 897
895 896 897 898 899
896 897 898 899 900
897 898
898
899 900 901
900 901 902
901 902 903 904 905
902
903 904 905 906 907
904 905 906 907
905 906 907 908 909
906 907 908 909
907 908 909 910
908 909 910 911 912
909 910 911
910 911 912 913 914
911 912 913
912 913 914 915
913 914 915 916
914 915 916 917 918
915
916 917
917 918 919 920
918 919 920
919
920 921 922 923 924
921 922 923 924 925
922 923 924 925 926
923
924 925 926
925 926
926 927 928
927
928 929 930 931
929
930 931 932 933
931 932 933
932 933
933 934 935
934 935 936 937 938
935 936 937
936 937 938 939 940
937
938 939
939
940 941 942
941
942 943 944
943
944
945
946 947 948
947 948
948 949 950 951 952
949 950 951 952
950 951 952
951 952 953 954
952 953
953 954 955
954
955 956 957 958
956 957
957 958
958 959 960 961 962
959 960 961 962 963
960
961 962 963 964 965
962 963 964
963 964 965 966 967
964 965 966 967
965 966 967 968
966 967
967
968 969 970
969 970 971 972
970 971 972
971 972 973 974
972 973 974 975
973 974 975
974 975 976 977
975 976
976 977 978
977
978
979 980 981 982 983
980
981 982 983 984 985
982 983 984 985 986
983 984 985 986
984 985 986
985 986 987 988
986
987
988 989
989 990
990 991 992
991 992
992 993
993 994 995 996
994 995 996 997
995 996
996 997 998 999
997 998 999
998 999 1000
999 1000
1000 1001 1002
1001 1002 1003 1004
1002 1003 1004 1005
1003 1004 1005
1004 1005 1006
1005
1006 1007 1008
1007
1008 1009 1010
1009 1010 1011 1012
1010 1011
1011 1012 1013 1014 1015
1012 1013 1014
1013 1014 1015 1016
1014 1015 1016 1017 1018
1015 1016
1016 1017 1018
1017 1018
1018
1019 1020 1021 1022
1020 1021 1022
1021 1022 1023 1024
1022 1023
1023
1024 1025 1026 1027 1028
1025
1026 1027 1028 1029 1030
1027 1028 1029 1030
1028 1029 1030
1029 1030 1031 1032
1030 1031
1031 1032
1032 1033 1034 1035
1033 1034 1035 1036
1034 1035 1036 1037 1038
1035 1036 1037 1038
1036
1037
1038
1039 1040 1041 1042 1043
1040 1041 1042
1041 1042 1043 1044
1042 1043 1044 1045 1046
1043 1044 1045
1044 1045 1046 1047
1045
1046
1047
1048 1049 1050 1051 1052
1049
1050 1051 1052
1051
1052 1053 1054 1055 1056
1053 1054 1055 1056 1057
1054 1055 1056 1057 1058
1055 1056 1057 1058 1059
1056 1057
1057
1058 1059 1060
1059 1060 1061 1062 1063
1060 1061
1061 1062
1062 1063
1063 1064 1065 1066
1064 1065 1066 1067 1068
1065 1066
1066 1067
1067 1068 1069 1070 1071
1068
1069 1070 1071 1072
1070 1071 1072 1073 1074
1071
1072 1073
1073
1074 1075 1076
1075 1076 1077 1078
1076 1077
1077 1078 1079 1080
1078
1079 1080 1081
1080 1081
1081
1082
1083 1084
1084 1085 1086 1087
1085 1086
1086
1087 1088 1089 1090 1091
1088 1089 1090
1089 1090 1091 1092 1093
1090 1091 1092 1093 1094
1091
1092 1093 1094 1095 1096
1093 1094
1094 1095 1096
1095 1096 1097 1098 1099
1096 1097 1098
1097 1098 1099
1098 1099 1100 1101
1099 1100
1100
1101 1102 1103
1102 1103
1103 1104 1105 1106 1107
1104
1105 1106
1106 1107 1108 1109
1107
1108 1109
1109 1110
1110 1111
1111
1112
1113 1114 1115
1114
1115 1116 1117
1116 1117
1117 1118 1119 1120
1118 1119 1120 1121 1122
1119 1120 1121
1120 1121 1122
1121 1122 1123
1122 1123
1123 1124 1125 1126 1127
1124 1125
1125 1126
1126
1127 1128
1128 1129 1130
1129 1130 1131 1132 1133
1130 1131 1132 1133
1131 1132 1133
1132
1133
1134 1135 1136
1135 1136 1137
1136 1137 1138 1139
1137
1138 1139 1140
1139
1140
1141 1142 1143
1142 1143 1144 1145
1143 1144
1144 1145 1146
1145 1146 1147 1148
1146 1147 1148
1147 1148 1149
1148 1149
1149 1150
1150 1151
1151 1152 1153 1154 1155
1152 1153
1153 1154 1155
1154 1155 1156
1155 1156 1157 1158 1159
1156 1157
1157
1158 1159 1160
1159 1160 1161 1162
1160 1161 1162
1161 1162 1163
1162 1163
1163 1164
1164
1165 1166
1166 1167 1168 1169 1170
1167 1168 1169
1168
1169 1170
1170 1171 1172 1173
1171 1172 1173 1174
1172 1173 1174
1173 1174
1174 1175 1176 1177
1175 1176 1177 1178
1176 1177
1177 1178 1179 1180 1181
1178 1179 1180 1181 1182
1179
1180 1181 1182
1181 1182
1182 1183 1184
1183 1184 1185
1184
1185 1186
1186 1187 1188 1189
1187 1188 1189 1190
1188 1189 1190 1191
1189
1190 1191 1192 1193
1191 1192 1193 1194
1192
1193
1194 1195
1195 1196 1197 1198 1199
1196 1197 1198 1199 1200
1197 1198
1198 1199
1199 1200 1201 1202
1200 1201 1202
1201 1202
1202
1203 1204
1204 1205 1206 1207 1208
1205
1206 1207 1208
1207 1208 1209
1208 1209 1210 1211
1209 1210 1211
1210 1211 1212
1211 1212 1213 1214
1212 1213 1214 1215
1213 1214 1215
1214 1215 1216
1215 1216 1217 1218
1216 1217
1217 1218 1219 1220
1218 1219 1220 1221 1222
1219 1220
1220 1221 1222
1221
1222
1223 1224 1225 1226
1224 1225 1226 1227 1228
1225
1226 1227 1228 1229 1230
1227 1228 1229 1230 1231
1228 1229 1230 1231
1229
1230 1231
1231 1232 1233 1234 1235
1232 1233 1234 1235 1236
1233 1234
1234 1235
1235 1236 1237 1238 1239
1236 1237 1238
1237 1238 1239 1240 1241
1238 1239
1239 1240
1240
1241
1242 1243 1244 1245 1246
1243 1244 1245 1246
1244
1245 1246
1246 1247 1248 1249
1247
1248 1249 1250 1251 1252
1249 1250 1251 1252 1253
1250 1251 1252
1251 1252 1253 1254
1252 1253 1254
1253 1254 1255 1256
1254 1255 1256
1255 1256 1257
1256
1257 1258 1259
1258
1259 1260
1260 1261
1261
1262 1263 1264
1263 1264
1264 1265 1266 1267 1268
1265 1266 1267
1266 1267 1268
1267 1268 1269 1270
1268 1269 1270 1271 1272
1269 1270
1270 1271 1272
1271 1272
1272 1273 1274 1275 1276
1273 1274 1275
1274 1275 1276 1277
1275
1276 1277 1278 1279
1277
1278
1279 1280 1281 1282
1280 1281 1282
1281
1282
1283
1284
1285 1286 1287
1286
1287 1288
1288
1289 1290
1290 1291 1292 1293
1291 1292 1293 1294 1295
1292 1293 1294
1293 1294
1294 1295 1296
1295
1296 1297 1298 1299 1300
1297
1298
1299 1300 1301 1302
1300
1301 1302
1302 1303 1304
1303 1304 1305 1306 1307
1304
1305 1306 1307
1306 1307 1308
1307
1308 1309
1309
1310
1311 1312
1312
1313 1314
1314
1315 1316 1317 1318
1316 1317 1318
1317 1318 1319 1320 1321
1318
1319 1320
1320 1321 1322
1321 1322
1322 1323
1323
1324
1325 1326 1327
1326
1327 1328
1328 1329 1330
1329 1330
1330 1331 1332 1333 1334
1331 1332 1333 1334 1335
1332 1333 1334
1333 1334
1334 1335 1336 1337 1338
1335 1336
1336 1337 1338
1337 1338
1338 1339 1340 1341 1342
1339 1340 1341 1342
1340 1341 1342 1343
1341 1342 1343 1344
1342
1343 1344
1344 1345 1346
1345 1346
1346 1347 1348
1347 1348 1349 1350 1351
1348 1349 1350 1351
1349
1350 1351
1351 1352
1352 1353 1354 1355
1353
1354
1355 1356 1357
1356 1357 1358 1359
1357 1358 1359 1360
1358 1359 1360
1359 1360 1361 1362
1360 1361 1362 1363
1361 1362 1363
1362 1363 1364
1363 1364
1364 1365
1365 1366 1367 1368
1366
1367
1368 1369 1370
1369 1370
1370
1371 1372
1372 1373 1374 1375 1376
1373 1374 1375 1376
1374 1375 1376
1375 1376
1376 1377 1378 1379 1380
1377 1378 1379 1380 1381
1378 1379 1380 1381
1379 1380 1381 1382 1383
1380 1381 1382 1383
1381
1382 1383 1384
1383 1384 1385 1386
1384 1385
1385
1386
1387 1388 1389
1388 1389
1389 1390 1391
1390 1391 1392 1393
1391 1392 1393
1392 1393 1394 1395
1393 1394 1395 1396 1397
1394
1395 1396
1396 1397 1398
1397 1398 1399 1400 1401
1398 1399
1399 1400
1400 1401 1402 1403 1404
1401 1402 1403 1404 1405
1402 1403 1404 1405 1406
1403 1404 1405 1406 1407
1404 1405 1406 1407 1408
1405
1406 1407 1408 1409 1410
1407 1408 1409 1410 1411
1408 1409 1410 1411 1412
1409 1410 1411 1412
1410 1411 1412
1411 1412 1413
1412 1413 1414 1415 1416
1413 1414 1415
1414 1415
1415 1416 1417
1416
1417 1418 1419
1418 1419 1420
1419 1420
1420 1421 1422 1423 1424
1421 1422 1423 1424 1425
1422 1423 1424 1425 1426
1423 1424 1425
1424 1425 1426 1427 1428
1425 1426 1427 1428
1426 1427
1427 1428 1429 1430 1431
1428 1429 1430 1431
1429 1430 1431 1432
1430 1431 1432 1433 1434
1431 1432 1433 1434 1435
1432 1433 1434 1435 1436
1433
1434 1435 1436 1437 1438
1435
1436
1437
1438
1439
1440 1441 1442 1443 1444
1441 1442 1443
1442 1443
1443 1444 1445 1446 1447
1444
1445
1446 1447
1447 1448 1449 1450
1448 1449 1450 1451
1449 1450
1450 1451
1451 1452 1453 1454 1455
1452 1453
1453 1454 1455 1456 1457
1454 1455 1456 1457 1458
1455 1456 1457 1458 1459
1456
1457 1458 1459 1460
1458 1459 1460
1459 1460 1461
1460
1461 1462
1462 1463
1463 1464 1465 1466
1464 1465 1466
1465 1466 1467 1468 1469
1466
1467 1468 1469 1470 1471
1468 1469 1470 1471 1472
1469 1470 1471
1470 1471 1472
1471 1472
1472 1473 1474
1473 1474
1474 1475
1475
1476
1477 1478 1479 1480 1481
1478 1479 1480
1479 1480
1480
1481
1482 1483 1484 1485
1483 1484 1485
1484 1485 1486 1487 1488
1485 1486 1487 1488 1489
1486 1487
1487 1488 1489 1490
1488
1489
1490 1491 1492 1493
1491
1492 1493
1493 1494 1495 1496 1497
1494 1495 1496 1497 1498
1495 1496 1497 1498 1499
1496 1497
1497 1498 1499 1500 1501
1498 1499 1500 1501 1502
1499 1500 1501
1500 1501 1502
1501 1502 1503
1502 1503
1503 1504 1505 1506 1507
1504 1505 1506 1507
1505 1506 1507
1506 1507 1508 1509
1507 1508 1509
1508 1509 1510 1511
1509 1510 1511 1512
1510
1511 1512 1513 1514 1515
1512 1513 1514
1513 1514 1515
1514 1515 1516 1517 1518
1515 1516 1517 1518 1519
1516 1517 1518 1519
1517 1518 1519 1520
1518 1519 1520 1521 1522
1519 1520 1521
1520
1521
1522
1523 1524
1524 1525 1526 1527 1528
1525 1526
1526 1527 1528
1527 1528
1528 1529 1530
1529 1530 1531 1532 1533
1530
1531 1532
1532 1533 1534 1535 1536
1533 1534 1535
1534 1535 1536 1537
1535 1536
1536 1537 1538 1539
1537 1538 1539
1538
1539 1540
1540 1541
1541 1542 1543
1542 1543 1544 1545 1546
1543 1544
1544 1545 1546
1545 1546 1547 1548
1546 1547
1547 1548
1548 1549 1550 1551
1549 1550
1550 1551 1552 1553
1551 1552 1553 1554 1555
1552
1553
1554
1555
1556
1557 1558
1558 1559 1560 1561
1559 1560
1560 1561 1562 1563 1564
1561 1562 1563 1564 1565
1562 1563 1564 1565
1563 1564 1565 1566 1567
1564 1565
1565 1566 1567 1568 1569
1566 1567 1568 1569 1570
1567 1568 1569 1570 1571
1568 1569 1570
1569
1570 1571
1571
1572 1573 1574 1575
1573
1574 1575
1575 1576 1577 1578 1579
1576 1577 1578
1577 1578 1579 1580
1578 1579 1580 1581 1582
1579 1580
1580 1581 1582 1583
1581 1582 1583
1582
1583 1584 1585
1584 1585 1586 1587 1588
1585
1586 1587
1587 1588
1588 1589 1590 1591
1589
1590
1591 1592
1592 1593
1593
1594 1595 1596 1597 1598
1595 1596 1597 1598 1599
1596 1597 1598 1599
1597 1598
1598 1599 1600 1601
1599 1600 1601
1600 1601
1601 1602 1603
1602 1603 1604
1603 1604 1605 1606
1604 1605 1606 1607 1608
1605 1606 1607 1608
1606 1607
1607 1608 1609 1610
1608 1609 1610 1611 1612
1609
1610 1611 1612 1613 1614
1611
1612
1613
1614
1615 1616
1616 1617 1618 1619
1617 1618 1619
1618 1619 1620 1621
1619 1620 1621 1622
1620 1621
1621
1622 1623 1624 1625 1626
1623 1624
1624 1625 1626
1625 1626 1627 1628 1629
1626 1627 1628 1629
1627
1628 1629 1630 1631 1632
1629 1630
1630 1631 1632 1633 1634
1631 1632 1633 1634 1635
1632 1633 1634
1633 1634 1635 1636
1634 1635 1636
1635 1636
1636 1637 1638 1639 1640
1637
1638 1639 1640
1639
1640 1641 1642 1643
1641 1642 1643 1644 1645
1642 1643 1644 1645 1646
1643 1644 1645
1644
1645 1646 1647
1646
1647 1648 1649 1650 1651
1648 1649 1650 1651 1652
1649 1650 1651
1650 1651 1652
1651 1652 1653 1654
1652 1653 1654 1655 1656
1653 1654 1655
1654 1655 1656
1655 1656 1657 1658 1659
1656 1657
1657 1658 1659 1660 1661
1658
1659 1660 1661
1660
1661 1662
1662 1663 1664 1665
1663 1664 1665 1666
1664 1665 1666 1667 1668
1665 1666
1666
1667 1668 1669 1670
1668
1669 1670 1671 1672
1670 1671 1672
1671
1672
1673 1674 1675
1674 1675
1675 1676
1676
1677
1678 1679 1680 1681 1682
1679 1680 1681 1682 1683
1680
11 88 78 29 5 73 94 36 37 79 13 60 57 16 39 43 15 92 26 47 78 96 74 23 84 66 73 62 41 86 2 50 33 93 34 2 29 93 66 33 49 41 91 96 77 34 75 80 64 41 26 34 33 63 81 86 77 25 74 52 48 7 13 13 3 30 5 65 67 24 34 3 94 25 17 54 66 89 42 100 40 82 60 52 11 90 2 54 42 39 20 29 28 12 24 90 60 71 81 25 36 46 69 34 53 74 92 46 70 68 4 17 50 5 77 85 76 69 91 32 70 5 99 73 7 77 4 30 79 50 31 81 8 34 48 66 22 12 4 44 74 47 95 70 22 46 39 23 44 50 37 94 13 54 57 50 65 74 81 32 77 49 91 47 50 47 99 17 91 56 83 3 68 15 78 44 25 31 77 5 11 34 34 93 93 95 56 91 5 61 37 24 94 96 87 100 100 56 1 65 44 15 79 85 61 70 44 10 1 86 24 30 12 86 45 51 58 11 39 2 37 35 5 76 93 96 23 34 99 16 25 12 39 56 22 17 25 75 37 19 84 23 2 70 23 77 9 82 26 48 57 12 85 54 80 28 58 12 13 10 24 70 60 55 83 4 95 95 53 31 64 59 67 23 7 32 15 33 44 44 86 44 81 22 98 95 39 19 38 78 57 84 38 16 57 12 71 95 32 59 28 73 64 22 25 96 59 34 51 57 14 53 36 35 92 34 74 93 39 42 41 12 61 2 44 29 88 33 39 24 10 100 92 86 13 2 59 7 16 64 42 37 97 92 92 55 86 49 16 5 72 68 55 20 65 47 46 97 6 31 84 85 46 53 39 61 84 3 57 99 59 70 23 57 4 79 4 86 58 44 3 49 48 34 89 70 69 71 55 77 62 49 9 40 19 92 43 71 73 55 90 99 5 41 47 58 72 89 61 31 13 46 85 100 65 66 21 41 89 79 59 61 65 85 58 19 12 85 39 30 10 23 55 87 58 72 79 3 76 96 3 26 86 38 18 30 89 3 83 84 66 79 1 38 87 61 77 94 11 44 99 78 13 45 45 55 23 3 7 65 23 52 82 90 42 19 79 18 83 97 41 24 8 18 37 15 84 92 69 22 9 74 68 20 31 41 48 80 27 45 92 17 32 41 5 57 88 40 67 70 37 51 39 82 11 80 40 34 39 34 13 97 96 48 5 28 19 70 52 76 77 91 10 60 11 10 71 19 66 64 53 65 22 69 56 44 19 14 97 38 67 4 98 27 69 30 28 52 9 55 47 82 50 90 84 47 83 95 56 88 8 50 35 57 41 89 71 9 54 83 87 46 87 47 85 15 11 97 67 20 89 20 45 96 99 75 71 65 64 72 34 47 38 8 100 39 45 25 84 23 50 75 71 28 81 17 49 97 60 95 94 49 43 25 87 95 21 65 41 13 76 38 23 57 55 40 5 6 69 24 15 32 78 53 34 87 56 43 33 32 93 19 34 58 92 85 70 93 66 22 5 42 85 32 58 56 43 26 51 94 22 71 97 90 54 50 87 48 52 73 79 81 95 22 86 57 76 30 76 24 24 93 43 9 33 26 42 79 40 50 25 19 54 1 83 18 18 82 97 90 100 56 24 23 5 67 11 35 88 42 13 92 99 38 76 55 1 92 27 35 7 38 81 52 29 22 46 42 91 36 99 46 87 20 53 69 43 50 44 53 28 49 20 81 90 50 50 85 75 21 95 61 26 59 74 12 37 38 90 54 12 38 3 8 83 48 53 24 100 14 9 32 88 14 42 31 16 97 96 38 31 75 25 47 95 3 42 5 19 92 94 63 86 24 38 99 1 83 71 8 80 55 28 23 84 91 37 55 99 5 16 48 53 20 14 96 22 66 17 13 100 90 84 95 93 79 82 98 43 14 12 61 34 1 22 58 50 77 61 69 79 80 52 24 92 96 37 49 28 75 84 73 24 78 72 46 100 72 48 2 78 83 43 14 86 8 9 64 26 30 78 67 54 83 16 23 47 27 16 33 28 78 76 37 18 72 76 8 5 99 93 18 63 54 64 39 98 48 99 54 32 91 2 2 43 64 71 18 12 71 73 63 21 42 92 65 23 98 41 2 45 84 98 57 18 7 36 100 41 48 12 2 14 47 38 57 32 88 24 54 70 24 87 96 41 90 95 44 65 18 69 1 18 36 34 12 44 20 1 19 33 22 80 84 89 58 45 57 36 25 71 16 35 1 37 1 39 52 76 33 50 15 63 4 31 10 85 38 31 44 2 36 89 82 27 11 50 29 60 61 5 1 73 54 96 56 62 83 13 95 41 40 87 46 13 51 11 1 74 40 83 60 70 80 59 46 55 58 41 50 37 94 94 91 90 40 70 34 25 6 15 55 54 76 5 64 61 1 37 53 100 32 56 40 41 33 34 53 54 71 45 27 49 45 90 83 81 100 60 50 91 47 37 64 32 42 49 88 78 82 23 85 50 59 8 94 52 14 6 25 14 90 99 54 46 45 64 93 35 9 22 33 20 1 45 34 76 53 66 6 63 56 35 79 72 40 1 61 67 90 6 49 53 77 40 92 2 65 24 31 33 63 80 23 90 66 36 71 49 16 74 45 38 62 38 76 52 34 44 55 25 51 52 65 69 62 75 36 95 11 80 27 38 85 55 30 88 65 99 2 68 89 12 41 42 69 63 83 17 32 27 9 99 6 65 84 90 82 79 41 87 96 3 1 17 66 13 2 15 59 82 100 93 28 91 33 29 67 30 6 39 45 79 80 94 26 23 3 35 16 63 31 15 15 5 49 51 30 37 69 51 67 30 78 31 26 93 49 65 84 9 16 23 69 90 30 1 42 39 92 32 74 32 26 10 25 30 11 21 28 17 88 70 69 50 22 13 2 48 25 34 61 17 4 89 84 66 44 100 33 80 24 5 96 28 97 50 59 11 21 93 100 66 85 43 95 51 85 36 95 52 41 29 82 83 35 16 50 71 30 45 9 89 29 65 9 59 67 21 31 33 82 95 21 99 96 28 7 50 76 77 96 94 17 17 48 84 54 72 86 90 77 87 6 20 18 12 70 19 32 40 32 95 34 27 93 8 64 97 47 41 96 69 57 98 75 86 11 78 67 59 40 29 37 41 33 64 65 38 75 7 28 72 3 93 83 78 46 51 27 14 50 25 23 53 99 51 44 77 94 77 18 17 8 70 32 64 50 26 60 69 19 89 9 12 30 22 82 85 5 27 10 55 59 36 77 18 84 62 87 52 80 22 90 38 23 7 85 97 37 17 1 84 8 67 5 1 25 70 93 92 56 54 45 30 90 24 82 92 76 51 67 71 55 65 26 16 40 72 95 3 72 77 21 68 54 18 66 64 66 18 19 74 61 48 33 54 43 58 18 77 61 20 62 47 51 47 71 48 86 87 69 54 96 24 59 77 16 30 96 83 36 62 62 57 30 59 49 95 35 35 75 2 59 74 52 33 11 1 73 71 79 47 45 24 94 58 45 89 36 32 48 83 72 59 15 10 37 49 23 40 73 45 52 47 37 49 87 64 43 32 72 53 53 7 53 100 32 65 64 90 58 30 77 95 91 1 94 33 41 66 2 5 30 13 73 88 97 9 14 23 96 12 12 55 97 84 62 38 54 54 55 52 5 61 82 44 26 46 54 62 48 65 12 17 51 34 72 70 81 38 61 82 66 72 44 9 69 44 38 7 69 73 84 25 61 84 21 68 12 59 91 66 46 76 66 63 73 5 94 43 76 25 84 82 36 62 62 37 20 84 74 81 32 33 12 29 89 43 40