200
1
2 3 4 5 6
3 4
4 5
5
6 7 8 9 10
7
8 9 10 11
9 10
10 11 12 13 14
11 12 13 14 15
12 13
13 14 15
14 15 16 17
15 16 17 18
16 17 18 19 20
17 18
18 19 20
19 20 21
20 21
21 22 23 24 25
22 23 24
23 24 25 26
24 25 26
25 26 27
26 27 28
27 28 29 30 31
28 29 30 31
29 30 31
30 31 32 33
31 32 33 34
32 33
33 34 35
34 35 36 37
35 36 37 38
36
37 38 39
38 39 40 41
39 40
40 41
41 42 43 44 45
42
43 44
44
45 46 47 48 49
46 47
47
48 49 50
49
50
51 52 53 54
52 53
53
54 55 56
55 56
56
57
58 59
59 60
60 61 62 63 64
61 62
62
63 64 65
64 65 66
65 66 67 68
66 67 68 69
67 68 69 70 71
68 69 70 71
69 70 71 72 73
70 71
71
72 73 74 75
73 74 75 76
74 75 76 77 78
75 76 77
76
77 78 79
78 79 80 81
79 80
80
81 82 83
82 83 84
83 84
84 85
85 86 87 88 89
86 87 88 89 90
87 88
88 89 90 91
89 90 91 92 93
90 91 92
91 92 93 94
92 93 94 95 96
93
94 95 96 97
95
96
97 98 99 100 101
98 99
99 100 101
100
101 102
102
103 104 105
104 105 106
105
106
107
108 109 110 111 112
109 110 111 112 113
110 111 112 113 114
111
112 113 114
113
114
115
116
117 118 119 120 121
118 119
119 120 121 122
120
121 122 123 124 125
122 123 124
123
124 125
125 126
126 127 128 129
127 128 129 130 131
128 129 130 131 132
129 130
130 131
131 132 133 134
132 133 134 135
133
134 135 136 137 138
135 136 137 138 139
136 137 138 139 140
137 138 139
138
139
140 141
141 142
142 143 144 145 146
143 144 145
144 145
145 146 147 148 149
146 147
147 148 149 150 151
148 149 150 151 152
149 150 151
150 151
151 152 153
152 153
153 154 155
154 155 156 157
155 156 157
156 157
157 158
158 159 160 161
159 160 161 162
160 161
161 162 163 164
162 163 164 165 166
163 164 165 166
164
165 166 167 168 169
166
167 168 169 170
168 169 170 171 172
169 170
170 171 172 173
171 172 173 174 175
172
173 174 175
174 175 176 177 178
175 176
176 177 178
177
178 179 180 181
179 180 181 182 183
180
181 182 183 184
182 183 184 185 186
183
184 185
185 186
186
187 188 189 190
188
189 190
49 5 97 43 75 45 52 53 3 83 84 4 8 2 14 55 61 35 22 100 90 18 41 16 59 46 34 33 32 73 73 17 17 23 80 53 17 11 62 20 32 49 16 58 24 96 74 41 60 91 98 30 28 98 45 77 79 94 69 50 49 6 91 60 11 37 32 93 41 32 45 78 65 3 70 80 28 31 97 74 50 27 62 11 69 23 47 77 31 93 35 3 62 42 96 28 8 49 66 51 14 24 98 24 19 71 60 27 8 69 13 2 55 45 39 24 65 47 76 65 25 32 5 70 76 19 76 71 77 7 19 41 42 36 34 16 71 100 38 37 88 6 69 93 59 87 96 77 38 5 21 97 49 47 86 75 21 75 88 24 33 15 61 17 71 53 77 5 21 18 59 74 74 73 55 4 80 1 26 28 50 11 66 24 56 12 57 80 39